272 914
1260 1104
1150 1323
454 1368
2576 1051
43 576
76 1934
2423 1161
1421 1417
2153 1982
129 188
2098 2099
1202 1183
1122 594
576 2552
1885 1902
1119 2405
1174 303
2321 2186
2239 2414
1249 1408
988 1515
1004 786
438 79
2427 2548
862 1155
1935 2340
2247 2263
1453 1152
12 155
1084 858
1037 1042
2307 1772
163 530
731 576
989 1068
294 465
2697 2700
1922 2026
2056 2095
414 1442
738 564
1288 108
2304 2297
559 167
163 658
2696 2036
904 115
2537 451
672 1293
82 305
634 686
294 699
1281 1604
2262 2542
219 38
1236 1669
1573 1432
2378 2335
2181 2178
565 601
1527 1543
880 1523
2432 1755
1864 2122
1515 1711
1534 1122
2044 1149
163 1130
99 2592
2653 1363
565 465
1570 1109
427 946
551 482
76 661
1506 1276
2423 1644
146 17
1061 1010
359 330
1123 1188
515 637
318 991
82 1440
1550 684
509 669
686 116
1118 1540
1266 836
209 2704
659 397
1952 2029
565 2118
1312 1260
18 866
570 1200
1282 1022
607 1055
108 498
2428 44
191 22
566 449
2061 96
523 540
2510 1977
1980 758
1095 1433
638 227
614 615
1004 2483
2220 2478
569 2099
2194 2190
2117 2639
624 11
59 872
743 65
142 1318
1393 1414
1333 1224
344 348
1969 2051
818 817
453 1269
2496 2571
121 1990
1527 971
71 2442
904 1372
219 563
2334 2353
344 1
1218 1516
667 1974
1178 1232
57 306
2178 1788
888 41
427 205
793 856
2268 2275
1136 1594
1313 1655
1354 1123
1028 1037
344 316
1715 1734
2696 2695
1506 1415
636 2672
1363 2653
286 2195
163 1065
501 174
1519 1177
566 699
1520 1526
2438 2091
188 141
2030 743
934 940
1483 2060
219 1404
2527 1961
1259 1081
1934 1816
2559 260
378 1027
438 96
1860 683
1908 2561
1793 2082
828 1422
552 451
566 34
1981 2491
862 1513
163 2204
1680 1123
565 1859
1174 902
467 270
1172 1141
2239 2513
726 1068
55 1905
163 1404
2692 2038
126 2208
415 789
1713 115
894 1255
13 482
427 954
1527 2525
1238 1500
576 330
615 98
2190 2188
1484 1057
714 1035
1016 1305
1287 1414
1520 834
2260 2501
415 209
1345 1047
2342 497
1275 2617
163 2173
834 1814
1506 1108
74 1017
2181 1793
1912 304
2499 2322
635 172
46 238
688 835
1140 811
66 2441
382 1837
84 1240
1636 1684
539 1209
1109 2151
1252 1634
2706 1752
166 457
1206 789
58 2495
2022 2008
163 727
2707 774
430 632
161 713
1422 1273
1644 2423
793 1467
78 469
1702 1199
2649 2436
2685 2053
1006 1025
1322 1020
2506 2416
219 1738
503 1813
910 811
519 2549
407 1763
643 49
1249 1054
2129 2454
772 1502
1801 1814
2190 2365
468 491
591 848
562 2018
1512 1087
1327 1165
2661 1910
745 458
917 1338
2537 1927
163 145
378 2447
878 1023
163 380
1004 2350
459 130
253 2670
193 280
1378 21
1354 1176
2037 288
640 574
2423 2627
1474 1249
208 1270
85 425
490 734
66 69
2570 1928
2527 1956
1608 949
523 961
941 1717
538 1738
1475 1642
1954 2222
2360 2040
2499 1787
1016 1729
427 2448
1287 787
569 1269
1251 399
668 2414
747 104
294 807
847 1402
1086 1076
251 6
1288 107
1954 2183
138 137
1111 1412
964 1140
2697 1759
2434 105
41 892
552 738
1234 1263
1427 1550
1921 2402
2380 215
2081 2159
654 135
438 21
1523 343
2409 638
2612 724
2214 2223
427 1766
1713 889
2492 2547
678 528
1619 1613
1789 2469
698 474
2624 1931
649 2294
189 163
1178 1688
2450 1881
102 2012
157 740
279 464
2176 2535
163 1380
588 699
2085 1094
638 2426
286 1963
1931 2402
1346 1451
438 607
1341 1044
1234 937
570 1524
378 1238
478 96
1827 2083
974 970
2403 2581
1820 2383
459 1705
2175 1362
2421 2389
1288 499
387 293
843 1101
426 303
2597 1698
1598 780
1047 603
188 139
552 2
1250 1251
577 2660
251 1505
142 823
833 2001
157 1017
698 1431
2239 2413
825 1215
2586 2113
492 213
1854 2645
2223 510
735 2527
74 787
2498 2322
745 127
611 1488
447 1501
163 910
728 243
1252 830
1020 2577
575 2485
576 1258
431 156
163 1590
717 1122
2153 2025
1368 991
1069 1455
2499 2500
2253 2213
964 966
995 1971
240 2308
332 324
565 244
2151 1584
1696 1334
1195 1323
566 1782
1831 1836
427 2388
1507 1108
1120 2275
250 304
1687 1137
2510 2002
2653 2028
1512 1335
2238 2271
2499 1418
766 518
2379 1984
2371 2489
1326 419
1800 1901
1832 1836
2687 2174
143 363
865 251
294 277
294 153
2326 508
503 174
398 776
163 1784
881 2203
1569 1721
555 615
2656 799
81 647
650 472
74 604
1339 2677
468 2377
1993 2546
747 349
2419 1268
731 808
1806 2279
1047 1355
1724 1492
790 1510
1312 1622
519 510
1697 16
2552 2026
402 403
966 1673
1661 1358
967 57
30 231
1550 1199
1897 2182
1995 1907
983 1302
1818 2073
342 276
576 874
1159 1485
793 1691
1268 1414
127 2400
70 1521
611 1352
159 2172
344 1007
163 415
160 322
745 1157
565 85
483 650
503 501
163 1219
247 1117
438 296
2427 2391
1857 2681
479 418
163 1253
163 1685
1062 1323
747 330
2558 450
2132 1837
2470 2643
2615 1647
74 505
1167 1331
188 380
611 2540
2361 2175
566 688
491 182
1466 943
965 966
1812 783
764 1581
2251 2296
380 1737
1841 1741
1153 1257
638 1539
1505 2560
414 1445
552 298
577 1502
163 1571
785 1513
1335 1512
1177 1627
1823 2580
1324 1747
2057 790
2570 480
289 2568
415 712
327 324
1983 2078
1259 1944
607 821
1559 1664
2303 1951
430 1270
1292 1085
2341 623
585 335
565 128
1122 799
427 2383
566 274
344 1445
430 1698
2017 1479
427 494
1954 978
2626 2399
902 965
566 733
1490 1488
565 548
521 156
1697 1683
719 87
99 1852
2596 2686
2030 744
744 65
1929 2349
1795 2545
1649 1213
2040 2360
1305 1575
1463 1361
2543 2409
1989 1882
1198 517
837 1686
967 56
576 1200
163 2554
672 2360
576 839
1174 1074
430 686
344 2291
344 2032
1713 1716
102 1964
2624 2277
2285 2311
1215 819
1333 1369
719 1666
228 2617
74 2335
250 694
577 312
1079 1724
672 1004
560 1375
2275 2268
616 268
294 477
456 2653
1524 1245
634 430
627 1270
1678 1570
1366 2414
904 892
672 1363
1994 1800
1649 691
878 1472
2449 2450
1169 1454
471 1045
380 2641
1954 98
163 1136
1471 1501
565 644
102 1895
1310 1499
608 179
1644 1862
1206 1544
1366 2562
1668 2535
2037 2151
1569 1010
552 548
1461 1357
2543 1776
1495 1231
2663 2229
1591 36
2419 2323
1212 819
285 1148
334 267
428 433
865 795
611 511
1488 1668
1061 1578
748 1933
350 111
1636 983
638 2146
1329 1049
84 1803
1428 2617
2673 2541
1050 1591
1079 1718
1122 1194
745 91
578 1333
1113 1380
1290 893
322 1027
62 324
967 306
565 633
1839 290
597 434
1215 824
142 1283
738 575
320 259
142 227
2374 2513
2657 1161
809 297
1307 1657
1908 2514
1106 1305
565 1616
675 597
1550 1425
1621 1194
2461 1078
916 2374
74 975
970 1396
1703 1559
163 219
82 410
635 686
76 1548
327 945
611 601
1154 1531
1123 1176
1292 1071
1234 790
539 1210
1203 1630
1337 2343
667 1928
14 613
1431 861
192 510
558 1816
1393 976
2126 2591
1354 1047
1812 862
250 736
1819 2580
2081 2366
1269 1312
611 2352
578 1877
687 1704
456 1748
1644 2614
1136 1018
388 2590
554 306
453 876
68 1979
1114 1117
1520 1709
157 1289
1713 2002
582 1498
2444 2257
611 2340
2431 2591
71 677
2328 1782
847 1468
1461 1593
1383 1398
848 1400
980 1488
576 1801
465 565
276 1993
1660 1083
109 955
260 2524
1729 1110
345 117
1335 1478
1335 885
1063 1628
1354 1695
76 518
961 1515
1372 352
2194 1955
1539 2091
1240 1147
258 1031
453 1025
964 1673
256 430
2058 2232
873 920
1428 2229
592 282
593 300
1168 802
2428 225
265 758
1869 2409
207 688
2346 397
1592 1293
2307 1939
1451 1604
847 1032
649 2123
109 1074
163 1572
611 133
163 942
2171 2031
1815 238
1124 1567
427 916
163 1558
2619 1774
1649 1687
635 430
703 2233
565 305
109 2053
552 85
1008 1011
378 227
18 127
531 1490
2190 2189
635 722
572 112
747 113
803 1563
1960 1949
638 383
2115 2000
2586 2486
2360 1386
157 916
2243 2245
109 1296
1281 1471
2508 1235
1621 300
1894 2524
2656 1699
22 2257
76 250
2341 559
2123 2482
761 40
2583 2333
1684 1726
1234 1187
2495 571
2053 2685
2334 1588
2619 328
523 2600
1839 2688
64 284
745 110
421 255
1980 262
2211 1971
191 448
491 2377
163 2518
1593 1116
565 554
2628 2629
732 20
219 2563
793 1249
1534 1498
747 771
729 467
163 800
965 1673
565 621
2205 1799
565 1438
2175 1719
1203 881
772 2076
576 355
2499 1068
1718 2413
1308 1504
36 1974
1005 1313
1527 2221
188 523
635 436
1491 851
1303 2347
1153 1077
163 2557
565 1790
488 2053
1015 1338
578 1122
1563 357
608 680
962 829
2687 764
1714 1458
1215 1699
1139 780
163 2604
747 719
725 48
1290 1025
902 966
430 2343
1520 1211
717 523
163 1689
2194 2188
1554 1553
2556 1904
426 1275
196 216
969 954
2089 714
1550 1158
163 1286
2189 2365
427 2258
2421 2654
551 2473
576 605
2322 2498
1126 1497
1459 210
1781 1819
1713 1991
163 1729
1520 873
409 753
2367 2577
378 2042
2338 2127
2254 2039
747 545
196 707
565 34
2343 2443
163 448
163 2600
569 767
2667 2295
1894 909
576 1932
1569 1011
2292 1899
1408 1921
519 10
243 357
793 1715
2041 1744
788 1414
566 2658
2214 420
1164 1584
1459 57
519 2608
163 129
456 1296
1268 976
294 554
1964 1863
60 252
1271 236
558 2034
1016 1110
163 1205
1520 59
258 14
193 238
507 1888
523 870
1484 1220
611 1668
2222 2150
576 570
1136 800
2356 2246
2071 1809
41 533
1601 1155
247 2446
192 420
204 2410
1848 2483
1496 1125
1178 1736
427 610
2337 2610
611 179
1618 2343
793 1455
38 372
2380 288
2449 1881
567 385
347 452
1003 1004
2149 2188
802 973
62 945
1231 1230
640 20
640 199
1292 960
2474 2078
1072 839
1354 75
2107 2571
1139 1572
2248 2296
2614 2484
1000 931
686 44
75 1854
1573 1673
2589 2424
759 292
1908 1893
523 1921
157 1637
192 439
2326 2324
1910 2506
59 874
2605 2502
1335 1223
136 92
2152 1277
325 1201
173 575
2471 2245
917 850
611 899
2089 1261
1644 462
58 536
825 1707
1975 2408
523 551
1019 906
913 909
77 337
341 529
747 235
2219 2008
1498 2398
881 112
76 1128
2334 1836
426 2126
883 1665
427 1274
1484 1092
123 553
1718 2414
1567 1566
2187 2314
1322 1622
1136 1060
751 544
1586 1388
1853 1861
163 1030
485 1838
826 1457
1252 1485
2187 531
745 771
438 720
738 2629
2326 317
2690 2053
1757 1842
1121 1640
163 1831
719 1112
1821 1801
1696 1971
638 441
1287 945
565 2629
2301 1901
332 1064
125 394
1136 1516
2561 2380
1759 2288
2696 98
902 981
486 284
2089 1965
967 957
295 1012
427 202
1081 521
1203 816
826 1606
142 230
643 2489
1123 1483
1326 1602
979 1825
2427 1888
1253 811
1414 945
427 391
1573 764
1259 136
2395 2665
1265 1725
426 1061
1696 2250
1539 378
509 314
63 739
489 238
2021 2218
2226 2478
2611 1763
295 197
2211 1232
570 874
2366 2458
344 1312
570 1814
662 181
1231 1232
1911 2206
66 183
109 1661
1328 1423
88 116
2176 1914
554 446
314 156
48 2456
638 1919
1875 2439
570 1246
1916 2400
1272 1604
1795 1788
824 1215
1257 2087
219 1325
565 2
1796 833
2202 1571
1550 1238
672 591
1520 354
1702 1161
631 1562
747 310
2175 2250
2659 2316
2024 1778
750 244
1306 1499
910 764
2189 2190
1894 2144
1696 2175
1184 781
649 166
910 1673
1324 2076
41 1713
1155 1407
411 1600
745 2162
342 495
163 523
881 2295
1129 1080
291 487
1136 1063
913 827
567 277
1178 1476
1911 860
15 253
2404 2221
1284 1169
2350 2168
251 2560
1178 1362
0 8
471 103
2423 862
1642 1475
163 1792
565 283
826 1422
552 16
70 255
2018 1828
145 2521
847 710
70 1692
2153 2699
2607 2074
163 2396
687 1157
1234 977
2360 2004
2032 2171
638 1189
1315 2595
1498 1351
2211 854
565 2672
344 675
136 1413
592 1144
163 1159
477 463
1079 1103
350 180
2372 2489
2454 1342
581 580
565 1316
426 937
1636 2074
757 1965
2337 2606
1583 2563
552 554
66 2294
538 402
1267 1335
566 1447
483 463
1343 1364
2573 1942
1290 423
2133 2199
204 274
581 222
1014 1056
188 717
747 386
100 758
2088 248
1451 1272
2067 1792
2652 240
294 21
2024 427
1339 1111
1919 2431
2599 2162
340 709
2165 1143
2025 2693
846 219
1497 1212
565 1585
574 1962
519 280
558 1532
2378 1668
427 1103
1238 1550
1775 2082
2510 1991
1678 1339
359 2322
1687 148
163 2296
747 368
2607 2310
523 2408
1333 1514
1608 987
2065 2086
934 1631
934 1009
1216 1299
1328 783
66 215
1129 919
635 381
129 1409
1503 1276
809 1229
1578 1622
1663 2504
672 2004
2631 2601
163 2564
1678 861
1259 2213
1010 1182
631 383
411 512
1595 2346
163 1218
1685 1069
2360 556
427 526
1086 1641
157 1452
1464 1100
87 2245
2559 51
930 805
37 563
2175 2087
1007 1919
1326 105
576 212
2318 1977
1719 2363
1387 1239
427 250
2508 632
552 374
82 239
611 1564
1025 1712
347 999
479 136
1859 548
892 889
192 193
398 248
1990 201
365 2572
808 863
344 1442
164 517
1838 2380
747 699
1268 2323
2373 2374
411 2594
314 1726
1770 1938
735 1956
1937 1064
2088 776
444 753
78 2681
2570 667
1409 2220
1082 1081
503 1851
558 905
1203 1195
25 20
1337 2300
276 2546
668 263
2559 2076
539 454
635 256
1661 1469
1827 1962
1800 2016
552 636
2527 2100
1218 1035
188 415
163 2363
552 412
1082 2312
2175 1009
1520 1258
523 2442
2153 2318
565 410
731 1778
2204 2173
611 1493
1762 2694
2687 636
514 506
1485 1252
745 561
659 624
649 1643
466 16
866 890
1794 1795
2329 1918
2301 1907
1935 611
728 1466
809 814
256 983
158 707
1504 1276
635 660
2360 2273
2236 2435
2108 2140
1716 138
2153 1716
1491 903
2499 2505
410 2
163 1113
359 1871
1630 1150
1582 1545
1527 1086
1644 2484
1195 1630
1176 254
638 1327
426 335
1339 1335
1215 1209
71 929
696 579
74 2013
1153 1611
2596 2669
2302 1353
1259 1082
250 708
66 288
1854 2299
2227 1974
256 2225
751 435
1539 924
163 1650
569 456
565 1975
2543 2674
595 121
1345 1046
1890 2039
319 29
486 64
858 281
1003 791
1285 1382
1592 1298
350 351
570 1067
1217 1349
954 1591
25 1181
1891 1875
875 370
2342 2197
478 227
691 1557
1198 418
2371 1126
1287 810
59 1709
129 2220
442 401
930 1062
1240 1086
344 1267
621 1859
1269 2618
2641 1745
2275 2445
1569 877
519 190
2142 2096
1532 1480
144 2102
934 860
611 1755
1136 1286
1365 1044
1446 948
1635 1706
577 1532
507 2391
1885 745
625 700
2090 1260
1533 970
2167 2161
1805 1804
438 227
76 2390
1086 1078
2085 1093
214 78
427 2412
875 1192
552 653
1240 1141
1268 2140
471 295
166 1125
1234 1275
2135 2333
496 2393
2674 2066
2396 2563
1167 1332
1153 1113
638 296
668 1315
2418 2141
420 192
955 1280
1713 2153
814 1365
1419 1550
1065 1279
1293 2284
15 129
549 488
1084 991
2124 2114
1285 770
1335 1270
1498 1071
430 2033
1254 1062
76 2327
686 1273
1644 2616
2164 1749
2500 2422
1928 2114
1908 1838
1927 1846
1016 943
1348 1047
1153 856
1497 901
1372 896
1644 1964
1595 2675
1439 803
2079 2609
430 683
747 620
1648 1355
688 252
1795 1775
1995 2097
560 955
2707 1389
343 1571
2039 1890
624 112
1963 2195
406 311
427 584
1582 2677
1037 1610
342 1945
1911 1719
2315 2287
954 450
667 480
684 525
1193 1183
157 1375
2261 2087
1257 1719
467 276
2215 675
163 1467
1236 296
1160 1166
638 1027
1864 1855
565 385
809 812
843 568
318 2333
1654 852
344 1244
145 1224
430 1284
557 423
1548 1374
1946 2516
1520 920
2551 2473
163 1303
2228 1093
759 95
2380 2561
566 633
507 2548
576 1922
2697 2698
1240 897
138 115
1257 2259
735 216
155 513
1389 1079
1004 1469
477 333
965 981
270 276
1718 1867
1434 1208
2268 1753
803 1439
378 692
2280 2286
747 542
917 784
1275 2290
2351 1772
1176 2272
1523 880
2360 1006
134 505
2011 2182
2409 2027
1253 1131
1613 1614
378 2291
591 2475
299 596
411 2582
611 1499
1696 1872
344 2171
964 1481
583 284
136 2399
871 1591
74 680
848 847
747 724
729 1993
163 402
747 217
1593 1288
426 2369
668 1508
204 202
912 1149
565 882
157 2417
1043 1435
145 1530
752 1621
1358 1661
1052 1051
2624 2702
163 1139
1911 290
1129 809
84 1347
591 287
1309 924
565 691
428 302
1124 1566
2089 1117
2190 1955
1129 814
941 1441
1838 2514
2666 2411
1747 2160
1844 1979
1339 434
308 2028
857 2060
109 2054
1644 1732
490 45
2164 515
1184 860
523 2642
569 255
1333 1225
430 2487
2362 2510
2612 2625
495 467
747 146
486 1278
1063 1065
306 1376
793 959
280 10
230 406
1886 745
719 1838
623 2140
881 2454
745 962
611 1116
2378 611
2423 881
565 2642
645 312
638 862
581 50
207 1676
1647 2074
2220 290
1053 931
537 606
747 202
163 2361
745 1704
519 705
1643 1189
1016 727
1084 2035
565 1213
14 746
1504 1415
136 2580
763 241
569 514
745 1700
2585 1830
163 1691
2429 2281
1215 1707
107 250
359 1320
256 2369
761 9
1116 1593
1682 1681
1203 1411
839 1067
486 1148
1793 1775
910 1131
430 236
1377 313
1967 695
380 1474
2131 2030
1380 1717
169 212
2003 1999
217 685
565 306
663 501
163 1530
1644 1256
308 9
38 273
747 234
747 763
99 1722
738 2628
881 572
136 244
136 1479
206 1891
1298 407
1324 1543
1259 893
1894 827
102 2333
788 1268
76 694
1572 1598
2421 2266
2220 1940
1520 1200
2060 2062
2361 139
426 1528
157 1038
102 1824
1114 1588
565 57
1378 970
676 1056
1643 773
1120 1677
1601 224
88 208
635 651
163 765
1178 854
342 1993
562 252
1910 2488
1378 1440
1329 1986
1241 950
1306 607
744 2077
2268 2445
1282 1272
2697 2288
1845 1979
1647 1684
1419 525
2452 1315
1174 414
1879 763
1685 1455
2220 2139
25 1897
2058 755
1939 2307
344 1275
1052 832
2049 2410
260 419
14 232
1459 749
1203 542
237 1060
163 1734
566 483
1910 705
109 778
2040 2004
2342 2151
1908 442
74 345
591 199
2543 1479
2175 2206
74 906
539 1665
2157 2565
748 138
747 695
453 1449
1732 853
611 1103
1003 786
1174 1033
676 605
682 1791
537 1204
2598 2330
228 2465
929 2442
2559 1241
163 1717
1533 781
2558 2514
1153 1204
1129 1222
380 2196
2317 2624
2695 2198
1618 1220
137 748
1672 1352
1565 899
2418 2345
163 1498
565 842
163 1872
2207 79
133 394
129 1204
1915 1981
1422 1657
249 652
2178 1793
1373 1366
82 548
2449 2158
848 1032
1139 1598
747 628
2380 2514
2429 1143
28 586
2405 2203
745 1756
2579 2279
2302 2104
1550 1624
409 2582
1993 1945
1268 1186
747 18
121 1825
1687 1632
248 105
1363 786
1718 2582
1523 815
1411 2203
574 2360
1975 2655
86 373
2356 1105
565 1727
1028 1610
2165 2363
1333 1467
19 571
364 366
438 550
432 184
672 535
558 557
2135 134
1182 1684
2166 971
583 1214
1490 206
2429 2317
809 908
433 184
747 502
1795 2178
1713 1870
1506 1525
558 1555
640 591
1524 1381
565 173
41 115
569 1986
1523 1136
2530 2090
1995 1800
566 321
1457 1237
1527 2420
1354 994
294 252
70 999
219 846
447 1471
1718 1373
2243 831
634 2593
696 1672
910 966
1498 1163
2647 2430
268 232
1710 1450
1459 1540
704 376
1520 1072
1736 1690
1339 2443
418 1269
565 367
640 459
2220 2252
1828 2018
675 1429
227 2319
1236 861
1007 2426
1004 1343
2583 1423
549 287
342 270
71 1923
1606 2381
1503 1108
1793 1795
127 124
1741 492
268 2046
1535 629
1114 602
72 202
160 2681
738 210
1252 820
492 2323
1990 233
157 897
2153 1977
757 755
0 544
643 1904
983 1531
2178 2545
1466 1650
1321 1041
331 101
71 661
378 286
355 1093
158 184
163 266
2578 99
1854 1855
344 2290
1836 1832
88 760
2058 757
1363 2475
294 588
1305 1740
201 143
565 477
2428 760
1626 1698
2169 2420
523 465
1452 1289
745 2165
1459 167
1321 1222
294 565
1854 2048
1027 1388
985 2038
454 183
745 1886
2246 2475
1441 1638
576 1526
2220 2226
2427 507
1029 1090
895 1436
565 566
2391 2548
1520 872
430 1020
142 1547
367 440
2190 2149
909 827
157 979
1344 1138
656 148
2380 2294
1283 823
1550 1555
295 220
1902 1887
1528 151
247 1973
1725 921
747 315
589 282
477 1766
341 709
2095 2230
2298 2518
1654 855
359 2376
638 1808
608 975
793 1127
26 1129
2180 1500
1174 1297
782 1532
84 12
1595 836
1178 1231
772 1240
1259 92
1716 1982
891 1437
294 85
342 339
1404 1143
1241 1141
471 2
2485 1816
1191 1053
251 482
2135 2583
1687 1228
407 1875
558 423
1913 416
1625 1580
1116 31
2005 2345
1385 1653
427 674
1591 33
2658 1860
2178 2582
286 178
1212 818
1906 2421
772 1147
342 467
1649 1557
1003 2182
268 2571
2220 2563
163 2200
638 1460
1814 834
807 1438
808 1450
613 2571
881 816
430 381
1253 1311
1718 2138
1911 1098
1525 1276
256 928
2666 451
558 376
642 484
1459 1137
523 565
2252 2271
747 283
2624 1878
552 239
2054 591
1659 1652
438 616
1207 900
163 2248
453 2455
2346 1967
1050 1499
1784 844
456 2455
1713 1992
432 433
423 1934
2153 2002
267 20
2303 858
672 1460
1941 748
1659 1094
1815 253
649 457
1428 2493
478 303
738 1741
163 1850
812 1080
2499 2422
1053 853
27 532
689 1580
243 53
136 159
552 644
1898 278
2410 1811
427 1577
1184 120
1746 1948
399 1251
1161 2324
478 520
1716 1991
2626 2656
747 110
1321 1190
1048 984
540 1121
518 2532
656 773
1288 1091
3 463
1527 419
1326 2144
1182 1726
576 834
157 1075
2227 2072
389 1937
577 250
402 681
1259 521
910 964
552 671
1308 1507
934 1353
1894 1527
1512 1267
2423 550
2164 2521
672 2696
344 2617
2153 2022
2220 1409
730 770
1236 1227
2643 2646
163 1334
2426 2282
1738 1264
108 304
2508 2577
686 223
560 938
465 466
74 154
2237 2170
14 8
84 950
627 1562
2604 2330
66 1698
1428 1622
986 1642
258 268
1933 36
163 744
649 2403
570 1258
1240 912
2452 2595
478 274
540 603
427 2574
398 419
350 770
1741 601
1645 204
430 208
1498 2158
66 2359
2182 1835
403 2104
2182 2146
2564 1785
2264 2519
15 254
740 1664
2673 995
660 635
552 305
378 396
1662 1036
490 5
195 707
258 1111
659 695
2014 2018
339 270
801 1475
2338 2443
237 329
2049 2218
608 2230
453 2099
745 386
230 1284
740 560
640 1363
1505 932
2118 2442
747 610
2466 1830
299 746
1125 818
879 700
1994 1995
427 2658
1966 1825
420 519
378 585
137 138
589 592
787 1437
1212 1552
2667 2429
1028 1435
74 2513
2019 2147
74 19
476 605
1328 1584
75 2122
611 1763
2585 1263
740 164
1994 2097
162 775
2180 2577
294 564
640 732
1569 1684
1534 289
427 2437
747 526
747 198
1931 1408
1354 1426
257 36
1290 1918
294 1672
1834 1905
2494 2063
747 561
294 1438
2429 2152
1817 2464
2448 519
1455 1694
339 495
2397 2405
635 442
416 138
343 1274
2334 1790
102 404
552 220
1404 755
667 867
1198 1170
1428 2539
467 495
479 92
1178 995
144 444
208 2343
343 530
2667 2504
1595 1964
735 195
686 119
747 43
560 2287
142 520
2499 2357
253 1815
2611 2606
363 337
1562 355
1282 1494
1326 971
1136 727
1569 1327
99 1613
552 691
848 1739
1723 1722
2292 2140
2661 2242
2017 1582
565 1376
426 1576
407 512
107 1937
898 1687
2175 1745
1378 239
191 395
163 2232
462 187
1672 899
576 1014
2679 2578
478 497
2486 1970
2360 400
749 197
327 326
1283 1318
966 1140
492 734
163 856
1305 1098
668 604
972 953
646 450
1019 927
163 1060
635 474
471 1632
735 86
1174 1102
1095 1456
910 1311
1136 1142
2020 1857
1285 1176
1908 1582
1256 881
84 155
995 1495
738 1585
344 1671
643 222
1537 1556
738 1376
2526 2448
1076 1078
667 2072
1595 1776
1050 1389
1321 297
1569 430
766 979
427 2295
1288 1128
1337 1335
2689 2209
1114 1261
839 1709
2559 1747
2426 2126
523 1616
14 400
427 1037
1854 1976
638 722
30 285
1241 1347
2496 613
250 107
1333 1207
411 2232
2112 365
145 2248
2428 2042
690 445
409 1606
1512 1608
1697 1599
738 1213
2459 2606
76 869
1685 422
227 823
2134 2644
1725 1265
324 389
1184 1784
334 20
2216 2688
2694 2331
2265 2347
1305 1065
2233 2201
565 425
571 2495
622 345
2675 1824
2374 1366
838 1458
1780 2007
565 60
902 910
168 2604
101 2680
100 265
344 335
1569 1679
952 1064
577 389
163 1098
2706 1138
576 1524
109 459
562 60
1431 1181
611 2230
2173 2204
633 197
1560 456
964 902
570 1709
427 461
1595 1576
611 368
382 29
826 1273
2428 2021
1910 2159
1015 852
1646 145
910 1481
2065 1985
2030 2316
689 1826
420 439
1891 1774
717 2502
2537 1846
1196 840
2666 2453
1681 1682
565 118
728 1305
1688 1228
613 232
427 587
1515 1447
613 268
1409 2600
379 176
163 2274
1768 2257
562 1183
58 990
202 771
314 1596
294 173
638 1468
75 1855
490 492
2338 1024
1134 1264
1847 1846
1064 1937
1855 2122
1898 2140
163 2659
639 584
2532 2417
410 305
910 1589
1542 801
2186 2321
324 278
1570 1111
833 1516
1310 1306
2092 2015
1288 1414
635 264
686 430
1309 1132
1520 1524
910 1432
379 756
1654 1338
84 347
1198 1296
2652 2308
1802 2064
2556 858
747 741
74 1103
538 2309
1125 1483
565 1378
74 377
846 2204
346 337
747 204
801 313
2024 737
163 940
159 2543
430 524
414 908
1363 1343
1915 2497
527 2606
985 159
1567 1358
1968 2619
1192 321
163 1799
159 2066
102 1893
2185 2109
2549 280
1007 2217
163 781
1062 2651
1885 1884
1713 416
967 1032
1354 1039
1409 789
1910 2366
1773 2545
1003 1469
150 643
552 173
1028 206
292 904
1909 2677
2592 1852
107 108
318 1173
351 730
345 2389
14 268
1025 1388
887 1531
1503 1504
481 9
1823 2487
2586 1647
1151 1350
686 381
2374 2507
1687 870
569 1712
250 498
129 22
2378 2050
427 230
1146 1676
668 2562
1167 1330
188 163
1569 1726
46 867
672 549
236 156
1126 580
719 520
1999 2515
817 818
1326 1747
1464 1470
635 375
2200 1797
1052 600
74 949
163 2196
219 757
2559 841
1215 825
1862 1863
366 590
759 99
2455 2354
1216 1571
1262 1104
15 234
1607 1223
566 858
1453 1210
1855 1854
2409 174
2191 362
2428 1860
1121 643
569 1457
1006 650
2221 1757
1600 1293
74 2390
295 2078
359 203
1674 1680
1277 2277
359 1068
163 1715
2327 2015
1509 589
14 435
1689 38
1374 869
1328 1020
2338 1478
2175 120
533 777
569 1025
1354 1680
1004 1364
137 416
565 492
1592 1161
1025 876
427 2255
326 324
289 64
1781 2663
258 435
1227 1236
1240 999
611 1315
2113 2623
808 1320
1909 1582
1003 1364
15 152
1123 539
163 602
552 210
696 215
2570 1806
1940 2250
1282 948
41 23
68 1632
88 587
1149 1323
1595 1301
986 862
583 64
163 2202
260 619
747 779
967 1394
571 424
163 2521
2537 2198
1238 1025
1340 1075
1290 2329
163 1274
1354 1674
2466 831
1996 1997
1328 1031
635 177
163 743
1765 1938
843 575
1006 472
1346 1281
2226 2139
1690 995
1136 1740
1612 1517
717 2568
200 1891
157 2540
1178 1034
2215 2650
2054 2685
2107 2046
3 197
1288 1502
1747 2434
611 716
1560 791
1172 623
1722 1619
1674 1123
246 560
1608 431
87 383
1539 136
1784 2688
1511 1357
759 23
1615 1229
875 775
1484 1500
163 1305
747 153
101 2686
576 1245
109 535
430 52
465 2672
576 1814
1069 422
1946 1030
20 267
1445 1442
2482 2645
744 2316
1910 2081
1644 2364
2367 1833
163 546
485 2380
905 1397
165 432
766 78
479 1627
552 688
1252 918
1687 1557
1697 804
1761 2208
583 2568
747 609
427 353
1019 862
1658 884
1134 2281
2649 1956
558 2660
659 11
552 749
565 1957
1798 2120
1136 1030
809 1639
70 931
479 649
1184 1362
177 1959
136 1370
464 573
427 1405
129 2363
205 600
365 364
2480 653
576 354
1818 2029
4 170
2470 1277
74 547
558 1137
1240 1347
687 110
295 1782
342 729
1484 1197
1148 1597
2495 2694
2219 2022
1126 1212
427 406
566 333
565 103
1498 1049
1503 1308
228 259
524 1454
2472 2476
2419 492
643 50
359 2567
375 1576
849 1720
1428 2079
299 1827
2649 249
1285 405
2448 2311
1354 1188
72 771
1724 1538
74 1634
1175 1325
100 1611
1964 1862
378 1678
635 208
2499 863
1283 391
709 341
340 529
294 83
163 1333
163 1225
1282 1446
2620 1972
1359 1057
2447 2010
1329 1071
2192 177
36 1066
1614 1613
922 1233
954 1461
1618 1112
552 723
2202 2638
2375 2416
638 375
2646 2643
1452 560
1504 1108
1520 570
1335 1032
2467 323
1506 1504
453 1358
2510 1978
1784 55
2407 1631
623 637
1287 905
465 85
1364 1705
699 588
1554 1401
1121 1046
1003 1343
2607 1987
318 2427
650 1557
1138 1597
569 1522
1581 1447
1283 1547
611 28
250 108
1866 2272
1497 1163
1459 775
965 1253
1155 785
712 681
1697 1664
2227 1923
2423 1191
2128 2030
865 932
539 541
1706 1385
354 330
1573 636
344 1627
1619 1614
745 18
1718 28
2267 2196
1643 868
2658 1559
438 710
415 2664
1337 1020
1364 1469
1016 728
549 456
627 338
1378 1540
709 529
2421 345
426 836
2283 2284
1295 886
1656 731
1642 313
513 452
2329 1428
1268 788
2451 1973
731 330
687 1700
645 211
714 1299
1159 2564
163 1224
2098 2156
465 118
2226 1958
1389 821
163 290
378 1644
2421 1829
430 1568
1540 1443
745 205
538 1036
1326 2434
2215 1877
1897 2146
343 1098
332 185
1812 1155
745 124
585 1275
74 1220
732 1897
1079 1009
1184 844
1004 1003
477 2658
1931 1921
2228 2068
193 74
74 1676
392 154
571 19
1111 1101
1409 958
672 2329
163 1362
1146 820
427 1399
552 621
654 1260
2421 263
2057 2695
1126 923
798 507
427 1283
163 1775
1515 1581
74 2266
2485 749
163 2673
136 2543
583 50
427 2044
1850 2554
145 2286
582 818
1663 1756
247 563
858 2035
1728 1249
85 2368
189 188
39 82
15 701
245 172
2011 1835
583 1278
569 1092
569 550
2061 215
168 1756
638 2541
2070 2640
2114 1923
1008 1486
636 118
2391 507
985 1102
1541 1395
1795 2082
2342 1270
549 453
1767 2257
2622 2033
1459 473
1019 1290
1046 1344
325 211
611 579
2153 115
129 2451
430 2593
2636 2300
285 231
2270 2043
14 751
555 2354
1523 813
2426 1919
1569 208
157 766
2470 2646
84 715
0 435
1198 859
804 1585
554 167
2070 2602
2509 2618
477 427
427 399
839 874
2470 1230
566 16
1117 1603
1464 200
1537 1535
2091 585
74 661
272 516
1689 1738
452 117
675 1442
2175 2249
951 1401
623 1064
981 1140
1551 914
2165 2193
1250 399
483 749
2665 2395
1640 1355
1569 1182
1142 1018
250 584
1483 857
744 743
163 1099
2166 2167
99 2679
1053 1607
743 2077
344 2426
1023 1090
1975 2689
2635 2231
1493 774
1537 629
1602 1549
102 2583
163 1807
779 542
566 2221
294 566
173 2485
109 507
611 1265
1969 2309
399 1250
1460 924
1510 790
565 1782
2164 5
122 124
1794 2178
1130 959
52 2580
1469 1456
430 1165
1459 804
1241 912
485 711
645 51
1911 2087
989 1418
668 2413
2615 2074
1112 1403
2427 2591
251 88
2341 2425
2192 1743
418 135
668 975
204 597
611 2050
1067 1814
2373 2414
611 2676
585 1061
686 2541
68 2007
41 1982
745 2437
1784 2199
1184 141
2338 2677
2590 388
2207 1786
846 757
62 423
1211 1247
1203 779
640 109
99 1619
45 220
1282 1281
2499 2376
881 2702
593 594
772 1241
986 2616
1592 405
1060 1890
1873 1998
1409 1797
204 2650
798 792
269 24
881 2405
1869 1754
1529 1314
1554 1552
1644 318
1102 1413
2327 1924
1980 2457
1713 1978
793 42
294 1353
163 174
672 924
565 1540
2006 1824
2150 2183
36 2072
686 683
1343 1456
565 1546
163 1675
464 467
565 2442
2423 2657
745 2336
168 475
577 2492
747 328
1574 484
522 525
157 1550
109 672
1926 748
1728 1474
2481 1858
887 983
455 374
671 1599
247 500
1841 564
66 2520
1555 1158
343 1303
1328 1111
1593 1437
2373 2507
563 500
1223 1607
318 445
62 2474
576 1067
2406 2078
2520 2359
492 1186
1909 1545
591 1032
109 171
344 1881
667 2227
862 785
1560 535
2612 1903
538 1204
1236 382
632 683
2585 2441
1779 2007
1591 1701
188 755
1463 1399
427 1284
2056 271
1287 1397
728 1127
2049 2306
2586 1889
649 2581
1582 632
1178 1099
1912 1932
1245 1243
2055 2352
2426 2493
1696 1769
483 277
747 397
163 2265
2259 1959
1014 1091
324 185
107 898
571 2694
2309 681
82 295
1354 911
1224 2673
160 1857
136 1102
163 1515
1954 321
1810 1766
1666 1133
740 929
419 1747
236 1617
319 1273
719 611
163 2451
588 186
1303 1274
1796 1030
1367 817
161 2311
1366 2239
576 293
788 945
1473 1249
1532 925
476 1056
1583 2396
712 1036
824 1707
490 6
74 987
552 446
1534 1597
2301 2588
1461 1288
1697 929
157 716
428 598
129 2165
477 1645
90 680
638 521
1533 1277
447 630
456 2099
1240 1201
788 2323
193 10
690 2457
2206 1925
793 1380
41 889
1636 1073
299 2083
1732 1493
1713 138
712 2664
667 2270
2543 2440
1287 1437
2679 99
1931 2277
1969 2200
63 153
163 2316
967 322
764 1311
1268 1842
995 1985
1034 1730
1525 1415
745 2325
747 229
2179 321
803 53
417 508
2016 342
640 1897
41 352
611 2325
295 210
453 2092
1155 783
1026 1433
109 1888
966 1131
569 1181
2676 1787
693 648
2220 2600
1053 1463
1427 525
751 8
659 625
1569 1008
1519 963
2285 2138
294 186
820 1115
910 981
427 493
1534 1148
468 182
1644 1328
634 1513
640 549
809 919
1345 1640
157 393
39 24
570 1381
1019 926
719 2561
758 265
1578 1010
2066 2062
2362 1870
250 33
1216 1035
1636 928
158 598
167 559
597 106
523 277
74 622
1886 1902
910 1253
1488 206
523 1687
1540 842
1335 1024
74 71
2473 1192
2215 2057
163 714
1527 1240
356 510
138 416
1125 817
2678 2477
1527 2166
2037 1584
1512 999
2393 2029
747 572
1078 1076
2662 527
60 688
1002 1735
1697 1667
14 258
479 2636
1621 824
2562 2595
345 1924
1583 900
922 1416
1884 1886
1112 2415
1354 1465
2153 2008
415 1737
2126 2339
2661 2375
380 1473
1535 289
882 1616
1764 1938
1867 1754
912 1150
2510 416
1559 1791
2334 1832
2338 1986
1805 2289
2102 2664
636 2233
608 611
430 177
570 59
1644 701
1270 236
2372 2398
1660 952
1503 1525
2334 1917
676 1014
2165 538
1042 1435
2506 2458
734 213
2182 1748
1114 1603
1277 1476
1025 1449
14 437
429 1514
1117 2332
2282 1686
636 764
1770 1764
2394 2427
1281 1272
2613 1756
2421 2590
1290 1197
667 257
995 1231
1509 1144
2303 2035
2181 2143
2337 2218
438 692
1993 276
48 2682
163 813
2235 2208
163 624
74 252
1896 1851
1003 2028
2499 203
1382 1313
1006 876
2461 2492
924 1480
641 1739
2536 1957
109 635
1578 1182
631 1057
86 652
1812 1407
74 2654
324 326
2170 1325
1231 956
214 587
812 1365
2598 956
420 10
1592 1734
636 2027
228 900
2698 1759
471 1859
570 212
227 1318
375 836
2634 1197
163 22
1771 1872
294 483
427 2683
2649 2106
1718 201
2386 2387
1153 1127
1859 1791
523 1790
1621 594
1498 1483
2393 1813
327 1532
1595 1863
453 2034
793 1734
967 848
74 881
1818 1813
2397 2203
342 776
1333 1708
415 1832
68 1845
747 700
2177 1883
539 1453
693 1471
538 487
2503 2358
1528 1487
747 685
793 1139
902 964
747 207
2179 2150
140 323
426 29
2334 2103
430 1792
295 1316
832 1701
2342 381
629 612
478 568
1319 1391
1928 1923
163 1277
638 2045
576 2026
2423 853
261 626
1354 806
163 1127
772 312
1050 1492
1569 1073
2356 1705
534 313
294 2430
1515 936
1178 1230
759 161
1713 468
2341 788
793 1333
66 1248
1231 2086
1701 832
687 2381
1378 882
1079 611
1532 1487
126 94
2508 2137
66 149
1010 877
1845 979
576 863
638 701
2598 1232
2429 2624
2317 1353
772 51
2208 2313
129 2446
2366 2575
2560 323
747 737
427 1975
995 1232
476 1091
1463 999
1257 2175
1067 1801
1775 1771
2305 2183
846 1533
1459 633
1980 2202
638 2171
302 598
2647 2658
1687 54
2014 1828
2498 2500
1534 1278
1379 1611
478 396
74 2124
163 141
71 1641
779 684
161 684
1244 1596
1491 1605
1775 2116
2290 2213
641 484
2269 2277
2506 2575
636 2204
2046 616
88 682
1140 1311
747 127
747 186
163 659
129 2193
1548 1291
503 2396
2658 691
2089 357
192 10
15 322
18 1932
2306 2594
1123 541
1275 2291
881 1119
1079 864
828 1457
1004 791
430 651
2044 80
552 559
348 1244
68 1825
567 21
611 2505
2040 1924
585 2290
1329 1020
2499 1935
2253 2591
1218 1571
672 2653
747 527
675 2339
1322 2539
59 570
1595 1824
793 1110
115 2421
559 1816
2003 2515
1153 942
523 882
418 1312
15 80
58 1891
1595 151
1539 449
745 687
664 978
62 332
676 1091
427 2453
430 1617
523 508
348 1596
552 277
1309 1186
467 2000
759 93
1483 2052
158 433
848 1388
1860 548
1154 819
745 666
1294 915
910 902
1812 1513
1326 2161
30 679
640 2475
343 1577
809 1190
192 705
565 671
25 778
247 982
1067 834
2291 2290
591 2690
1153 1070
740 1683
2011 2633
879 979
483 367
63 210
1344 1121
1559 929
76 392
1952 2396
1218 1299
1999 2003
597 224
793 1330
1579 1103
839 59
656 657
1839 2705
30 1148
1961 2100
1884 1902
693 531
1348 612
1512 1235
2052 2062
1254 930
2528 1858
1129 1190
741 1157
210 148
663 496
14 242
14 544
523 1214
1240 742
904 889
1727 1376
2598 1631
163 2563
163 1153
1574 1017
1804 2289
986 136
1663 1266
729 67
1271 997
18 890
1029 2456
2538 2325
2181 1788
1305 1274
1234 13
2583 2310
2348 2682
1326 248
2354 400
1504 1525
978 1825
1185 1000
250 639
2630 1826
2106 1750
14 393
1484 1430
426 2431
2187 2321
1149 1150
567 1828
611 938
1198 1683
523 415
814 1044
860 1940
1581 657
2379 2206
163 55
585 2291
803 357
76 2532
939 1242
1505 251
2402 1921
1672 903
1891 1149
1111 2292
574 1006
784 845
552 60
1053 1568
163 2298
565 2480
2401 1988
2361 2216
1354 992
1148 1355
571 2331
163 1207
1864 1854
2529 2294
1910 2575
687 2683
453 9
1493 867
486 1597
1117 1588
1524 1243
2500 2498
163 309
1241 1147
350 730
15 399
157 1340
635 683
1240 998
427 304
1191 692
2426 1686
1855 2482
1018 1142
2380 1838
157 1718
2312 2587