3312 3312
1461 1648
637 324
998 67
2183 3156
389 584
1278 2020
987 176
1756 1785
2455 2850
3046 3201
364 482
643 814
564 132
124 881
822 472
2566 2567
372 502
1857 577
1528 2970
1959 1673
1343 404
1038 1404
1972 1964
2625 2626
398 820
1537 1394
295 236
1967 1725
2046 1133
1985 1071
183 185
291 708
505 56
2040 2028
1783 1471
1106 1339
410 622
1389 1146
799 701
1475 2036
150 326
1918 2159
1542 1422
3229 3230
1478 1440
2335 3247
522 1460
753 628
2201 2201
799 640
1193 1548
460 263
292 233
1994 1819
1716 1145
748 28
2203 2911
982 622
202 255
1857 1193
403 405
79 278
1625 1315
1445 2024
291 152
1461 628
893 703
1996 1179
88 1999
2160 1968
1926 1344
2006 1214
390 248
700 697
3084 3082
1125 1286
183 3117
1586 1587
517 251
2733 2746
1716 1716
2190 3145
2378 2683
2594 2595
1916 1572
547 590
364 167
698 456
372 888
192 607
2658 1532
1648 1243
1059 1378
1473 1472
1382 1889
3051 3052
846 170
353 421
2805 2805
13 250
889 890
1735 1314
2131 2129
265 888
681 2461
1706 1612
265 501
2207 2632
616 571
1147 1952
24 127
483 525
3125 2310
615 1509
1473 1570
2562 2563
31 732
814 816
44 868
1391 1582
1253 1253
505 534
814 808
2537 2537
24 406
1134 1422
392 914
1670 1671
1985 1734
305 228
2559 3120
2049 1308
1349 2124
685 697
2967 2966
2081 665
1470 1954
2721 2629
130 182
1406 1370
28 153
2920 2920
1599 1600
1083 1939
2821 2268
3051 2270
275 956
297 3015
364 259
676 2985
471 1383
1416 1431
1751 2106
441 1801
699 98
488 488
1616 1616
737 729
2014 2015
1710 1512
291 470
1568 235
1457 1550
517 310
1972 1968
705 1420
279 2292
69 355
1040 1309
1649 1650
3095 3097
1776 1107
769 1273
390 391
2049 2033
1125 1250
2611 2612
556 2266
865 1216
272 516
3202 2468
2135 1680
3262 1651
814 723
773 356
1997 1179
572 573
2416 2629
855 432
57 1682
1045 1704
668 802
410 116
661 203
2278 3040
772 911
897 3093
959 959
69 516
2658 2447
638 128
439 414
505 562
668 251
3058 3231
3236 2480
1673 1639
524 971
2514 2599
542 101
2711 2465
3250 3251
848 515
2858 2464
1759 1946
495 139
1599 1076
1850 1937
2011 2012
266 152
1455 2072
2224 2780
1795 1164
2719 2718
847 814
747 504
699 755
3177 3178
2785 2553
6 64
488 950
5 63
2753 2418
1312 1493
1382 1344
1612 1263
1044 1274
1736 1314
903 685
462 167
1236 2024
204 650
279 3005
1543 2293
768 1876
1061 1943
1919 1721
1183 1836
1055 1963
354 1958
1005 920
441 774
439 482
1001 762
1638 1181
1383 1115
822 767
22 303
2224 2779
2278 686
51 597
1817 1623
1657 1737
2434 2767
589 140
631 492
2278 1469
1725 1417
3096 3182
276 69
57 1253
2049 1703
40 177
67 54
916 617
1421 1765
390 200
735 77
838 108
2299 2253
1458 1850
814 121
1944 1945
2886 2888
1353 1965
646 1895
1387 1169
31 882
3032 2477
2256 2256
339 813
1517 1335
1823 1651
441 2168
539 86
490 805
243 617
770 771
2894 556
2486 2583
291 482
56 1824
862 732
1423 1542
1064 1811
1079 1931
3006 3005
2802 3092
2621 2620
272 827
3099 2675
2601 2642
616 1000
1530 2008
1055 1962
71 190
685 322
1031 1488
1310 1610
179 1991
390 700
2832 2295
2747 2748
1279 1976
1101 1609
3227 2346
659 495
1634 2244
2636 2635
3235 2845
973 196
745 516
1710 1409
1056 1161
691 519
287 170
79 37
275 619
2111 2112
554 830
822 418
329 661
1108 1676
488 487
390 1000
1450 2119
2684 2682
178 232
3190 3116
30 1788
624 623
788 89
184 106
799 332
1048 1028
29 859
1381 1268
737 730
1158 1461
612 569
1175 1360
1895 779
838 383
780 1006
1460 1464
999 998
567 1650
1406 1732
615 3205
3272 2767
2081 2161
390 658
401 405
390 58
2682 2683
2559 246
1528 1255
2923 2924
1150 1659
1944 1178
2618 2617
3020 2531
635 870
2582 2662
493 492
0 55
704 239
364 251
1352 1539
691 1009
685 686
2345 2230
2169 1529
396 397
1352 1449
2669 3191
1068 1515
2963 2834
372 1007
2212 2423
2614 2617
753 160
986 495
97 63
709 708
24 952
471 541
999 956
2946 2789
1148 1551
882 779
1876 687
3168 2444
3035 2246
1793 1777
71 939
932 386
3274 2351
445 444
1877 1502
2081 1876
291 67
1949 1628
699 1000
2189 2303
2916 2576
853 3296
0 724
422 54
375 630
1702 1703
218 65
390 51
3306 3302
849 607
1202 1183
104 129
21 1678
2956 2950
780 2064
905 1234
383 108
698 619
1818 1256
3291 2318
2496 2496
2042 1283
276 463
364 745
2372 2372
698 668
847 43
1080 1195
1446 1447
1818 1210
795 1794
1918 1917
364 483
892 703
616 714
2600 3109
1203 1432
2121 1299
2832 3160
390 303
530 879
1000 1000
323 133
184 714
2241 2691
285 445
2212 2474
179 438
2598 2548
1753 1635
2082 2082
1500 2024
534 732
1768 1099
184 539
390 167
230 177
390 445
278 1267
2261 2356
999 105
2339 2596
2139 1828
1680 1194
648 2181
822 810
847 843
1076 1078
3103 3274
1046 1286
88 152
3039 3073
847 394
1998 1281
1468 1467
364 302
263 796
3207 2257
183 452
693 404
968 969
296 69
554 1642
1710 1172
847 729
1717 1717
471 732
2049 1845
383 384
1707 1229
1852 1340
1470 1944
2713 2653
1776 1404
3280 2330
1798 2108
1634 1893
1178 1178
364 462
1113 1395
1406 1364
108 2125
979 242
1519 1216
308 868
924 222
364 525
986 750
1421 1216
577 965
70 750
1794 1487
795 91
2324 2324
472 145
3297 2685
2179 2200
8 1986
2686 2385
2837 2838
2780 2870
60 443
3290 2444
531 532
1000 998
574 549
2494 1469
2901 3279
892 500
1891 1439
553 2791
373 2463
1040 1076
753 874
1408 1715
544 286
471 338
766 668
471 272
2006 2110
282 631
874 2429
842 180
2881 3135
2809 3129
1023 1875
175 479
2897 2895
1013 2024
471 697
847 509
2742 2880
2591 2698
2686 686
1614 1773
1220 1169
2312 3149
1460 1761
1886 1097
34 366
2590 2178
855 2699
85 697
1735 1737
1014 1059
471 276
795 2382
748 1000
541 507
390 318
1541 1182
960 711
624 621
1870 1944
1644 1719
801 802
364 706
276 902
439 365
286 545
940 394
1550 1235
35 500
575 549
753 579
372 194
1017 1264
3096 3097
263 344
1500 1347
1801 1531
659 979
2003 2002
2657 1302
416 146
2616 2614
431 868
561 669
887 1951
3107 2699
717 180
2137 1211
2249 2249
2547 2893
822 146
11 387
1594 1592
1033 1759
851 543
1539 1207
1090 1174
522 1249
58 180
290 260
1896 1393
390 680
86 460
1771 1770
1357 1976
1107 1425
1768 1767
390 444
3043 3111
422 1899
2736 2178
3240 3222
2192 2488
788 319
338 69
1385 1385
40 625
1630 14
715 135
279 2969
2169 2166
3237 3238
707 708
847 18
805 746
972 3279
673 839
2820 2889
836 837
471 510
1040 1078
764 723
2259 2442
1004 355
769 796
1101 1864
1509 326
447 800
1673 1958
600 569
980 160
3157 2313
699 153
0 0
621 623
1611 2155
2606 2607
1484 1346
2953 2950
79 828
1667 828
938 506
905 2686
3253 3252
2523 2431
390 231
2955 2251
364 804
3273 446
20 6
654 214
522 54
1065 1093
2261 2306
298 764
27 393
1374 1177
297 122
1677 1724
1464 1184
2422 2371
488 42
1595 1596
598 151
1483 2116
1646 1885
1530 1185
429 1408
1063 1229
2221 2665
2604 2766
439 747
1220 1387
483 481
99 723
279 358
57 1769
1689 1830
793 818
1414 1368
673 711
905 3041
1631 90
1174 1200
3147 3146
1003 247
290 157
606 199
266 2081
598 336
966 186
697 224
1850 1998
897 557
295 228
364 51
876 732
663 20
483 189
780 1650
698 700
926 918
1343 1881
715 610
3138 2549
3169 3015
410 411
305 232
274 83
1977 2026
653 225
3171 2223
2299 2259
1230 2097
2467 2470
684 216
2002 1955
390 573
2552 2478
758 758
3220 2972
3274 3013
2731 2337
769 687
3050 3049
661 735
2205 2899
291 683
872 213
338 463
326 917
1168 873
320 1009
3033 2540
2669 686
643 807
1045 1954
338 107
1675 1933
608 167
661 63
381 713
2589 2589
3083 3084
3043 2980
1908 1166
2531 2533
814 884
2991 2991
1859 3274
625 623
2278 1198
615 350
3204 2468
1524 1581
2212 3132
1657 1735
179 573
1446 1377
1047 1679
2711 3244
832 17
218 1247
3089 2712
487 42
1517 1162
3043 2419
184 694
1979 1978
218 2638
3290 2334
631 226
1873 1663
3189 2366
3273 2237
616 3236
953 415
1150 421
2188 3300
1599 1613
2518 2846
1277 2043
3121 3122
2934 3270
1678 2073
659 208
3212 3213
3108 2517
272 262
413 2868
2808 2354
1293 1930
556 829
926 927
2320 2638
2015 2014
1799 1807
3142 2769
40 146
2068 1345
830 176
1675 1240
583 158
2371 377
1388 1982
338 888
1470 1980
149 326
847 761
3155 874
1079 1651
2049 2049
1165 1788
1831 1336
1819 2048
372 655
772 355
1749 1235
2655 2690
2218 3194
326 324
2843 2276
659 660
1406 1822
84 743
1431 2193
2161 1921
2553 2405
956 633
847 593
2245 2310
2233 3158
390 812
2335 3200
1125 1891
1731 1737
2595 2325
780 1895
661 836
2695 2212
757 758
615 288
441 2765
488 489
439 697
958 844
422 469
2233 2698
1413 1240
940 939
847 187
471 797
2987 530
2910 2451
855 704
1694 1810
1681 1409
1077 1527
275 1000
55 3279
1461 1243
3123 2826
1518 1519
2050 2112
847 186
2083 2082
986 875
2890 2918
994 990
265 502
1004 365
51 470
2171 2172
1503 1285
848 984
1379 1605
1498 130
1978 1449
428 673
1222 1807
1136 1494
1523 1826
1500 1089
981 982
3029 2277
943 944
1866 2167
1461 2005
1787 1288
1051 1253
3041 770
2214 2845
2745 122
439 871
1942 1050
1483 1310
390 456
699 155
2049 2075
763 374
521 616
296 655
1857 1859
799 365
439 444
3020 936
32 697
1896 1176
0 591
1363 1759
1011 2029
847 529
492 570
2916 1889
1150 1262
2317 2457
1509 325
3146 3295
860 861
86 585
1831 1554
1120 1818
2776 2267
3156 3159
788 546
979 980
390 156
3030 3030
471 127
646 2150
1406 1584
97 5
89 546
999 67
877 718
1406 2070
729 1009
2643 2645
862 474
946 706
179 1282
262 797
2829 2933
2551 2551
631 70
847 81
1202 1841
461 69
1517 1268
445 94
2314 3282
531 188
302 438
1396 1236
1479 1480
739 588
390 155
389 973
1801 2024
1004 516
2009 1224
2145 1805
659 330
461 25
608 413
3085 2275
3240 2435
2006 1571
699 106
1005 1586
847 594
814 35
533 732
1870 1337
296 25
3107 2441
1820 1669
1812 2152
646 2064
276 901
373 3015
847 595
1902 1302
3136 3137
3003 3003
1870 1945
1863 1489
1371 2140
1699 1334
799 391
991 74
1743 1019
773 706
1451 1287
386 202
912 826
2273 2273
2795 1241
483 355
1121 2113
1970 1399
1877 1575
631 620
2494 1198
849 40
817 1002
1989 1514
695 1301
1056 1056
2985 2454
482 51
1368 1415
416 351
2050 1980
1525 1661
488 367
2083 1356
1941 1030
693 405
1197 1587
285 94
2231 2231
184 1761
1120 1210
1980 2112
867 1747
3228 2456
447 535
1809 1974
439 481
265 194
173 108
439 167
1693 1844
167 639
290 163
608 896
887 1999
16 145
2177 2903
2785 2405
2050 2006
643 314
1373 1152
1406 2135
1186 1648
1731 1658
326 591
2711 2813
1770 2123
330 137
1420 1770
338 555
795 1811
978 1549
2378 2682
1838 1837
773 451
616 668
1791 1476
302 911
2695 2498
1481 2139
1851 2995
1615 1411
646 2149
1042 1679
1788 1239
373 3014
1634 2257
2700 3231
863 865
1985 1584
3298 2743
1114 1187
179 1650
201 2125
1100 1579
276 107
1931 2420
99 931
1153 1629
275 153
698 180
280 350
1769 1174
848 348
2711 2667
452 605
1223 1964
2764 3224
787 722
0 514
1578 1530
2105 1100
1338 1332
113 382
1549 1624
276 555
537 655
905 88
608 578
2978 2978
1406 1314
1019 609
183 2207
39 1010
1129 1937
1706 1258
502 107
1912 1083
373 262
2971 2417
727 728
263 769
1657 1583
1928 2022
2206 3099
556 257
2080 1926
1 732
747 805
2942 2915
3151 2219
2196 3279
2312 3148
743 979
230 146
780 1921
745 251
926 244
2098 1276
487 950
631 979
1479 1086
471 31
3106 2428
1690 1528
661 313
1381 1162
1147 1874
1584 1314
905 697
698 571
855 3107
652 397
1348 1965
3043 2641
1392 1090
429 284
698 701
1230 1191
659 570
1528 1723
782 162
430 732
922 896
2376 2965
847 138
1029 1109
917 112
1903 1624
2742 1122
3125 2483
1655 1422
1716 1717
297 802
31 646
372 501
63 949
1806 1805
616 572
275 28
887 686
1392 1608
364 382
3234 3205
822 144
18 59
2996 2331
1695 1100
364 244
293 778
218 732
822 145
291 694
333 722
390 470
616 51
471 566
337 675
1114 2058
1634 1100
1029 1248
2957 1813
447 778
1374 1410
1038 1174
1107 1200
2105 3044
901 902
1406 1316
799 707
2580 2770
1896 2051
2784 2432
1764 1811
1004 901
505 732
2184 2356
698 95
273 432
390 523
1816 1727
806 2767
2541 2542
1492 56
1590 1128
2650 2660
1509 1639
1667 2460
1851 1801
1374 1979
439 668
102 267
1916 1705
1512 1409
2169 1170
3143 2964
390 804
788 935
3068 3069
1043 2165
1760 1953
905 768
2305 2905
313 315
160 854
1562 1321
1701 149
2501 2861
1465 1298
747 746
354 2586
390 525
677 1984
390 929
1657 1080
1728 1729
1014 1365
1779 1523
1678 1198
1902 1286
2050 1423
477 753
44 632
765 363
2139 1255
441 1478
439 755
1439 1440
329 97
1599 2074
2515 3133
2110 2005
643 808
1744 1059
1121 1674
2243 2324
1012 2031
1928 1790
857 775
3149 3146
390 254
847 826
2404 2960
1896 1607
817 171
661 617
2285 2285
1094 1676
1708 818
1174 1425
1374 1726
1959 1958
1683 1325
1678 1999
643 313
422 987
450 560
2052 1490
32 665
3124 1849
1914 1914
21 680
297 1232
390 619
659 1009
1435 1436
2139 1498
951 277
2202 3162
681 219
2088 1372
1541 1540
31 2812
364 103
819 634
1637 1638
2353 2565
1573 1287
1366 1727
22 899
847 788
2829 2458
1354 2856
644 271
390 906
3080 2665
291 462
1599 1078
1866 1246
1769 1107
3165 2437
1903 1965
985 629
2083 1369
522 28
657 935
390 182
1467 1467
619 220
25 357
806 247
429 1721
1083 2093
1842 1139
1891 1236
2788 2787
295 602
2593 3166
3239 2772
1532 1532
390 711
1058 2024
1929 2078
665 727
3075 2449
443 443
1469 686
22 469
1068 235
3047 2735
1985 1350
553 2728
1708 2753
290 252
523 182
3246 3245
2375 2269
1006 779
1386 1358
471 2221
1842 1738
424 426
1778 1778
331 66
1707 2275
1160 1160
1015 1439
1637 1318
986 935
1731 1194
390 507
699 906
769 538
3290 3167
3244 2438
0 690
2259 2744
661 603
731 979
1254 1721
294 588
2830 2291
298 1010
2969 1897
1706 1224
2325 2594
1717 1716
1083 1439
2973 2973
329 63
9 970
437 711
831 834
1101 2133
1138 1801
572 180
429 1172
390 482
1928 1927
2302 2284
1528 1478
1787 1254
3308 3309
1387 1073
888 357
850 313
905 2161
1884 1885
1731 1583
278 444
847 730
1256 1818
1175 278
1538 1248
266 685
847 435
2558 2780
2840 2839
2232 3203
2022 2022
2865 946
1859 404
677 1747
1014 1378
767 473
442 106
354 2407
265 69
2106 1751
506 939
1979 1514
663 643
1045 1453
2448 2563
67 176
1101 1840
972 55
620 621
739 464
887 1281
3226 3227
281 144
410 570
2704 2602
2896 2897
852 565
2049 1964
582 200
2832 2286
1183 1837
45 751
2285 2616
1090 1404
2338 3059
1046 1532
279 3006
184 3252
670 0
654 255
285 896
201 1494
798 713
2030 2090
1509 1262
1991 1921
291 356
677 867
471 1169
2981 2549
2110 2112
917 150
2031 946
184 54
3199 3199
1220 1199
474 90
862 1969
483 259
612 955
390 504
1150 2118
2614 2619
2668 2670
855 733
1704 1285
1865 1271
631 411
905 2728
2049 2001
291 590
2656 2194
663 6
388 579
631 995
986 980
2584 2672
573 829
390 219
3228 2624
396 213
747 910
2040 2029
488 1010
418 146
184 697
1038 1769
517 525
3095 3096
1101 2132
919 1010
716 2961
2590 2476
31 1489
79 1019
1780 1288
2631 2481
1737 1359
572 697
876 992
691 898
41 418
1165 2066
1564 1565
2696 3144
2930 2471
1906 2826
2168 2168
1297 1089
3281 3222
753 227
2105 311
385 386
2878 2319
2739 715
3030 2304
1839 1325
1740 1741
401 402
29 818
780 1664
1423 1845
1701 2057
29 740
1066 1171
3021 1529
1710 305
390 550
51 355
1158 1571
364 673
28 987
3144 2283
905 2278
201 383
1633 774
2863 2864
291 673
0 446
672 2437
57 1608
2883 2421
297 504
179 267
3114 2239
329 821
2560 2581
364 355
429 601
905 1231
483 702
1990 762
502 1007
386 240
1419 1921
471 1357
2586 2584
57 1636
1018 1524
1524 2041
1803 1222
460 2361
2499 2191
0 433
2420 2437
325 149
1822 1130
2000 1845
2225 2398
1638 1375
782 2639
1017 591
2648 2648
2745 3115
342 771
126 617
596 160
2740 2213
184 422
2996 3233
561 561
89 548
793 859
1724 1267
834 964
3052 2234
748 48
1497 1497
900 810
994 752
1528 2738
780 88
615 3217
2931 2492
968 727
2646 2282
270 868
2004 1214
1980 2033
533 534
772 746
378 1633
1876 686
905 685
838 173
2569 2729
1633 1801
1632 1801
390 557
1775 1776
1153 1329
375 515
2974 3077
311 2530
1652 1868
2121 1964
2934 3271
1226 592
3091 3091
1383 1272
986 84
1815 1992
891 428
2361 2556
589 131
390 147
471 122
245 722
1889 1344
822 242
3146 3150
2878 3046
514 868
2502 2377
1725 2024
1740 1282
878 269
2521 2557
872 778
1153 1342
433 915
28 105
1509 327
998 1000
998 105
956 54
1804 1699
2658 1531
1230 1811
3154 2459
1744 1014
266 297
275 1249
1096 1490
847 519
691 935
1150 1236
1835 1836
30 1282
2773 2783
441 1531
291 1714
542 145
469 633
661 877
2553 2402
514 323
1470 1955
753 559
745 356
851 2336
2797 2249
79 460
1860 1132
2257 3021
2798 3243
390 727
3080 3079
1560 1818
661 948
1406 1080
304 304
2982 2707
3037 1829
993 605
1001 7
2155 1611
364 910
1413 1216
1522 1319
3202 2540
3078 2744
280 324
1924 1404
349 1177
3173 2251
2688 2689
672 2420
547 244
439 517
416 137
2235 2992
853 753
348 982
328 617
1772 2092
390 244
2894 2266
14 868
3021 2166
1820 1617
2776 2775
2306 2306
1755 1835
2736 2476
2105 1579
1226 1322
2006 2109
291 926
416 142
483 253
1900 1221
2932 2862
1261 1750
3119 2336
291 159
364 918
264 815
644 1010
51 356
979 935
862 862
2947 2876
2810 2525
2145 2054
2348 2548
439 483
822 125
28 54
1435 2008
822 417
2494 3040
1388 1983
554 469
0 954
799 777
79 2677
281 861
391 189
2949 2949
87 87
2014 1033
1971 1398
1051 2121
104 134
2166 1170
1343 1412
172 1934
1050 1254
1068 1209
657 656
2055 2056
678 1747
1017 1549
916 5
751 752
522 106
661 36
612 965
1416 1284
276 888
3207 3207
1507 1150
373 445
860 214
2710 2761
291 927
288 917
422 194
1664 779
1645 1488
2022 1402
842 896
659 211
1886 1944
2805 3113
1004 619
791 188
3125 2390
558 475
144 453
595 593
348 170
772 896
2064 1921
698 303
1223 1711
445 194
1159 1257
2462 2908
416 879
3086 3086
2250 2904
2674 2674
522 616
354 2585
1059 1014
338 581
230 480
444 94
1220 1075
471 556
1143 1980
2164 2163
3225 2968
505 30
2720 3015
1011 1034
654 860
1645 1031
2811 2226
2430 2430
554 106
291 746
1079 1823
2050 1332
410 174
925 868
1661 1362
1692 1593
681 231
2288 2311
0 474
1390 1148
853 1252
2877 2561
274 36
932 654
3152 3152
1911 1248
1406 1923
2112 1332
1691 1993
2080 1704
522 1000
1043 1828
365 2446
2066 1788
79 3162
471 3015
1081 1141
1586 1336
1582 2078
2624 2456
2587 2587
34 697
51 516
1236 774
1657 1314
390 22
1646 1262
887 697
1004 2316
655 508
2895 653
1420 2260
2955 2332
1004 7
979 885
25 888
3197 3197
3052 2510
948 328
78 534
1599 1950
117 117
390 772
2706 2445
2067 2067
1597 1598
1606 1604
1067 1251
3153 2460
1580 2873
1084 2158
57 1536
1727 1811
1759 1947
439 669
862 1968
1411 1225
1114 2059
2232 3033
2022 1927
2640 2639
616 67
1033 2015
876 2104
40 411
1511 2134
460 3159
338 827
2080 1300
999 714
77 813
482 697
1646 1320
264 723
880 774
628 1461
404 405
574 310
1494 2125
3185 2864
736 320
3261 3263
389 196
3048 2290
745 910
3161 2295
1549 978
677 1394
1928 1784
1984 1747
1740 1740
268 561
457 458
1662 1326
1492 1492
2568 2757
1701 327
425 426
1090 1608
471 1232
799 708
734 733
1520 1233
2844 2227
1418 1306
2157 1231
401 400
659 986
1519 1303
388 676
643 121
364 777
685 687
1438 1342
1406 1715
995 935
1512 1824
1701 150
1744 1378
1279 779
1919 1920
682 569
3051 2510
571 697
2296 2763
1634 26
374 444
756 334
2174 1385
2723 2722
2856 2751
822 879
520 170
2836 2358
439 212
985 917
1589 1149
471 262
275 469
825 321
2847 1807
1882 2101
459 697
932 869
2077 2175
460 154
905 2669
1649 1272
661 908
1120 1604
388 249
141 1002
1185 1945
2934 2308
1059 1365
876 2401
2716 2717
2361 3255
2202 828
390 462
1772 1217
2955 3173
1168 1544
34 828
278 2464
3126 3126
1690 1814
5 603
2262 2412
1460 1061
629 350
416 144
1349 1290
2049 2175
554 422
794 240
1609 1842
738 789
505 78
2048 1777
1405 1445
767 494
846 848
1631 1129
295 475
1851 1633
1292 1953
3020 2533
1731 1359
390 94
2005 1332
2316 2406
123 547
989 990
544 14
2490 2578
119 810
1038 1682
2813 2438
1545 80
390 414
329 36
608 639
3002 2527
1787 1789
482 481
1135 1747
2246 2246
816 866
506 171
979 493
0 784
1103 2103
57 157
1918 1853
2350 2793
2222 2567
2928 2822
486 485
1560 1339
2708 2825
699 701
209 347
349 619
646 1282
2004 1461
422 105
1352 1207
477 346
747 355
661 314
598 599
3183 401
2953 2956
2990 2990
673 376
263 122
1423 1285
1481 1144
838 201
1406 1359
2955 2948
97 949
2699 2441
1820 1259
2360 2839
1709 1490
1890 1253
2226 2341
302 746
641 209
745 911
3162 2460
1406 1380
2866 3181
440 10
866 569
12 777
623 621
2142 2144
753 195
750 712
2902 2541
3016 2238
2615 2285
2937 2659
31 1282
1843 1738
1540 1266
2049 2050
338 655
1731 1314
643 641
460 1006
704 751
747 356
3084 3081
1972 1091
2841 2842
898 197
961 0
31 297
404 401
432 915
443 586
0 381
1478 1439
735 813
769 2157
521 701
768 665
378 2596
291 445
1080 1583
2657 1286
608 706
285 159
1470 1704
104 131
1131 1885
105 180
917 326
623 623
1725 1545
3278 2701
289 732
488 790
3198 3199
659 980
2245 2390
1732 1985
672 215
100 680
1705 1617
1546 1547
3099 3098
650 957
2049 1252
1980 1285
2616 2618
1206 1210
416 198
281 418
3107 2840
397 778
643 866
1725 1427
3218 2433
2232 2540
848 980
1862 1430
2814 2815
3043 3117
2214 976
699 85
1880 1257
699 105
847 409
478 868
2863 3131
1152 2949
1674 1482
3122 194
352 353
2534 2609
230 411
574 572
486 138
615 306
615 217
2642 2601
2948 1173
1556 1555
2925 2925
2205 2900
55 971
1068 2115
891 2728
693 401
1781 1774
5 97
1908 2176
2892 2300
2843 626
592 235
533 533
842 842
699 366
1448 1602
57 1127
799 803
1380 1014
448 810
3031 2432
158 970
285 356
1927 1784
3265 3000
2745 2665
564 775
2119 1536
609 828
2242 2665
2263 2959
2546 2191
2530 2529
3244 2667
1657 1584
2996 2997
1516 1329
2912 2453
2969 2292
1021 1176
0 670
1893 1894
51 438
1386 341
2976 2399
2153 1800
631 980
58 302
769 686
1633 645
3267 3266
662 877
2189 2634
2891 2253
905 3191
1730 1192
1957 1026
1675 1216
291 516
471 179
876 2638
1022 1907
1459 1104
2364 2418
1737 1736
284 1513
1474 2065
3258 341
65 152
130 1498
739 738
338 902
2774 2293
422 48
677 678
218 1489
1910 1911
747 51
2753 2387
1070 1236
28 48
2750 2279
123 669
1678 1281
12 1741
272 887
3124 2646
325 326
2919 2638
363 363
3188 2247
517 673
643 348
1479 2012
24 947
488 271
3257 2414
2087 2086
2213 3258
947 974
547 159
2185 2539
2832 2323
35 92
390 234
506 394
953 684
972 971
596 496
863 165
748 697
1967 1013
1500 1163
381 119
417 810
865 1240
628 1243
1090 1107
1782 1576
3064 2637
2931 2497
2274 3127
272 310
1016 2138
437 516
916 813
1521 3255
1155 1213
616 1714
65 0
1905 1027
551 680
2186 3139
3202 3203
483 51
933 247
3267 185
2862 2932
3288 3287
115 569
956 1894
2564 2359
2603 2809
612 964
944 258
439 597
522 105
495 743
30 1203
1864 1123
1036 1485
2344 2456
698 694
413 2466
2052 1590
422 28
619 920
1264 1284
1209 1748
439 516
612 583
1100 1723
1838 1836
2877 2319
682 91
637 325
390 708
97 36
179 779
1716 1082
1356 2061
2955 2954
637 327
699 22
2714 2939
1178 1871
851 2756
1716 1139
577 3209
691 651
1159 1287
274 203
2678 2382
1687 1508
1860 1236
2894 3048
272 103
572 549
1918 2148
2619 2618
655 1007
2002 1954
2726 2557
495 935
1941 1244
416 499
2169 1133
631 1009
660 40
2812 2539
1416 1249
1745 1269
302 804
999 1000
2671 2439
3095 3182
37 182
373 444
78 732
876 1724
1946 1759
1555 1555
87 597
291 501
3052 3053
25 683
1861 1266
339 3158
2669 2463
3167 2444
2221 2513
1102 1673
631 403
2847 2848
3061 3060
963 2129
2118 2024
933 202
378 2339
2184 2306
2540 2469
932 240
768 727
3164 2340
2258 2737
847 191
1696 1697
848 816
472 142
1374 1061
978 917
1864 1552
1501 1502
1314 1583
495 667
1297 1013
2945 2355
615 592
1850 1951
1657 1736
847 980
553 1921
1204 1208
2052 2025
1004 502
144 146
2340 725
2805 3112
986 226
1176 1897
1646 421
460 685
887 687
1414 1025
747 804
673 762
276 581
1810 1315
1443 1534
2135 1053
926 483
269 80
1226 1821
389 936
714 987
2579 351
2149 1921
1029 1100
2960 2404
3259 2477
3286 2379
611 950
1935 1576
1752 1628
976 516
552 952
1928 1785
2996 2543
2658 2657
1509 149
300 418
2340 2400
1709 2072
3167 2334
266 88
1615 1037
1034 1665
364 365
980 990
848 983
1516 2470
2615 2616
1687 1236
1083 1912
115 671
378 947
108 383
1222 1540
6 682
2263 2951
1460 1781
1619 1188
1560 1668
722 721
698 904
847 775
2025 1235
3103 3104
3195 2746
263 840
553 1951
788 579
439 438
2034 1776
2759 2610
734 751
1273 1668
456 147
1930 1487
3014 3015
86 626
390 694
547 572
946 1238
88 779
1493 1738
848 814
262 541
961 635
483 154
1046 1302
701 668
1524 1254
2148 2150
2033 2032
714 956
1376 1802
1701 324
1005 680
2833 2744
230 621
3067 3066
53 161
847 741
1005 51
150 149
1042 1037
729 730
22 335
390 597
1206 1604
2872 2384
3043 185
88 1998
1706 610
332 2342
737 736
760 193
3028 779
1970 1971
1102 1958
1406 1736
1083 1196
1727 1191
450 896
3305 1529
1753 1949
2426 2756
1543 828
395 397
2661 2661
2039 2038
927 456
999 106
364 517
2229 2597
996 994
1046 1521
1659 1659
2091 2064
2545 3274
1922 1901
96 913
1695 1828
1731 1985
2083 1637
847 712
309 161
275 54
3175 3074
1386 1566
1727 1514
2715 2475
2709 2681
748 999
2796 2999
1004 501
2657 2658
1243 1505
700 619
2085 2087
772 804
410 241
2050 853
2509 3301
1919 1873
1832 1833
390 176
2195 2195
700 366
698 574
814 866
5 949
1637 1375
2174 2173
986 651
1736 1583
47 213
847 40
1414 1415
396 723
1227 2792
846 604
714 54
1049 1049
699 999
1011 2028
414 58
2007 1034
1037 1309
691 499
2500 2500
1975 1973
1731 1657
1799 2044
2806 2807
540 784
1935 1782
1273 1339
1366 2043
847 49
312 315
678 867
2049 1846
2852 2853
1752 1949
2940 3076
1533 710
2696 2578
1542 1215
891 924
439 355
2790 2461
1416 1231
1073 1075
838 384
537 380
868 632
2984 2454
2541 2944
1015 1236
1120 1256
1731 1071
1046 1902
2762 2204
1878 1684
1078 1190
1938 1019
390 910
1622 1622
2702 2647
2651 2994
742 475
522 999
2339 974
123 310
643 35
1351 1893
1735 1736
390 746
303 180
2210 1707
1638 1637
2276 626
441 645
1646 1321
2868 2466
1740 1766
2936 2869
685 845
1755 1836
1989 1241
2351 3013
2306 2356
3065 3066
2010 2010
887 779
1532 1302
605 185
266 732
2010 2011
3150 3149
263 26
2550 3005
2050 2032
1414 1355
3125 2534
1901 1300
1920 1111
969 684
295 535
2778 2676
1622 1275
488 833
2049 1151
1995 1997
2615 2615
349 574
2528 2342
23 309
682 239
666 667
295 634
1848 1205
34 829
3183 404
2558 2224
471 30
387 649
1971 1400
863 864
509 174
450 710
531 810
2076 1245
776 883
3 634
2517 2367
1637 1181
329 948
1568 592
266 65
847 785
510 504
319 135
1446 1361
3285 2365
0 585
2943 2482
3040 770
501 1007
1004 1597
847 966
3016 3017
3188 3189
3254 2297
616 998
434 506
390 698
364 481
993 1721
2955 2958
1618 1452
1046 1891
2265 2204
917 325
847 816
305 236
86 769
3220 3105
3151 962
1079 1742
1678 1469
1970 1400
691 134
699 700
2049 2032
1686 1559
1787 1654
2511 3206
1436 1434
488 569
2220 2220
799 639
1997 1996
542 791
933 970
2996 2544
390 483
0 691
3020 2532
1043 2139
2236 2193
1464 1761
429 1409
1114 2104
1857 1126
460 3156
9 158
704 143
2831 2307
230 148
678 44
2183 2677
2995 2765
1915 1790
1040 1679
469 586
481 51
2979 2599
1975 1156
3102 3101
1226 235
2107 2108
1733 1744
616 999
22 599
0 415
2455 861
1733 1495
2937 2938
3209 2393
495 208
916 63
1444 1440
525 590
483 597
855 2282
2839 2840
110 584
1000 67
1524 1934
780 732
566 770
2794 2289
1667 3153
79 1724
1690 1478
847 46
2651 692
390 880
756 389
28 106
67 105
1705 1704
847 984
2137 1069
631 241
2168 1801
3085 2647
391 382
2213 2244
1460 1140
780 267
2034 1289
574 95
1967 1967
2784 3031
848 109
1475 1679
2198 2198
30 2064
986 943
2202 2460
505 69
1383 1956
822 360
459 573
2081 1305
616 574
421 1262
1594 1593
170 494
2921 2922
2784 2402
987 180
2741 2411
1634 2139
3147 3150
3028 828
3022 2780
1924 1275
588 952
673 802
1041 2036
265 655
2493 2854
2142 2143
297 797
404 403
390 355
2027 1093
1254 754
1850 1212
1731 1736
814 786
1568 1226
2080 1333
648 2865
1986 1747
1667 1326
916 36
1762 1911
699 714
2875 2914
373 374
2105 1723
2884 2884
2556 3255
854 854
1116 1893
297 127
767 467
88 154
2711 2532
30 1239
3235 2214
1556 1647
1039 1212
631 750
1000 956
646 549
1500 1236
2941 2389
61 944
364 550
2395 3181
23 704
772 516
1395 1313
2962 2962
1988 1987
847 307
1150 1508
354 2579
1456 1228
1038 1536
3215 2287
2976 3303
2130 2129
1772 2009
1630 1747
352 354
339 1858
390 85
105 176
287 675
2855 185
612 271
1380 1591
584 386
810 246
763 93
31 2202
2054 2072
1918 2094
1013 1427
1864 1095
3081 3082
2525 2446
276 827
1683 1684
1050 1168
618 240
1918 1308
2898 2362
2375 3216
748 67
3241 3242
1083 1440
919 764
381 684
637 150
2248 2746
1079 1245
902 555
1636 1289
1878 1096
905 686
612 52
173 384
1589 1128
438 251
390 450
3001 3307
364 253
1852 1257
3262 1823
390 153
207 499
780 1239
780 2149
998 176
243 126
1731 1080
635 491
31 2665
3042 2539
661 835
1957 1409
916 329
1729 1717
439 702
3240 2883
410 975
814 807
1545 1427
364 911
643 661
788 875
293 651
1492 1157
31 779
685 592
1080 1189
1903 2032
2197 2504
184 586
120 634
1786 1784
3228 3228
1989 2149
2663 2664
1473 1569
390 154
291 167
616 748
1015 2093
938 394
439 525
409 191
938 939
927 147
2048 1846
647 197
2388 2388
876 65
488 964
1004 920
1848 1849
2507 3074
781 858
769 1234
2680 2680
2206 2675
3046 638
1664 1991
731 907
2055 2054
3019 2867
22 455
2487 3185
1918 2114
3071 2269
390 259
34 1587
2438 2465
2878 2561
660 986
2749 3264
3262 2629
1068 592
1463 1590
3012 2418
625 229
429 732
847 202
268 668
2046 2047
392 592
1929 1698
814 519
591 217
551 679
1348 1353
1101 2171
2195 2209
493 907
1456 1235
2327 3221
1720 1747
2080 1954
2926 3249
1241 1514
3008 3009
1637 2026
2930 2419
12 508
437 438
1045 1705
753 695
1401 1109
1560 341
616 2018
1247 1330
663 657
1678 686
1972 1643
372 69
1374 2035
2050 1648
847 242
616 549
2613 2605
1098 133
792 793
172 1168
2784 2553
2641 3117
29 793
1512 305
406 789
2804 2524
2211 2326
2603 2271
3028 3162
323 513
2006 1422
488 368
1416 2157
1158 1214
3072 3071
355 356
287 692
1012 2181
663 17
3155 2429
881 0
488 39
1381 2079
3140 2371
3228 2037
69 356
1180 1196
1913 2143
316 622
1517 1331
230 625
503 634
3176 2343
522 153
350 515
1223 1713
699 748
1509 150
1979 2149
629 629
855 1675
698 697
539 460
2818 2819
408 516
3185 402
1024 1527
1043 1138
731 166
1083 1083
2711 2438
522 619
1310 2116
390 233
641 157
730 320
1892 1274
2006 2005
1472 1585
1858 3274
1770 1771
2118 774
691 250
2930 2980
2689 2687
1460 1374
1660 1661
1203 2151
278 828
998 106
477 369
37 310
1999 1281
149 149
673 377
504 159
2711 2531
86 1006
86 262
2817 2472
34 180
3045 3038
384 514
2983 2984
439 364
3212 2208
2084 2104
714 105
1273 1454
1589 1590
389 467
1710 1513
471 504
916 77
738 2665
1756 1784
805 804
471 2812
2929 2867
389 636
1015 1440
2827 2873
698 481
876 2400
749 634
564 975
600 671
3294 2495
2778 2724
1789 2363
2031 1238
2019 1400
654 240
1038 1636
714 153
934 680
1148 1687
2080 1705
873 576
1585 1629
1397 2093
3175 2324
863 857
809 136
1820 1270
613 611
643 38
293 397
2003 1487
747 911
390 98
1473 1304
285 697
290 784
2243 3074
79 2460
643 64
